2025-04-13 19:47:16.990640 - Received CBT.V508.FILE454.PDS from FILE454.XMI 
2025-04-13 19:47:17.022959 - Found $$$#DATE.txt (text/plain) in CBT.V508.FILE454.PDS, moved to PDS/$$$#DATE
2025-04-13 19:47:17.023064 - Found $$$DOC.txt (text/plain) in CBT.V508.FILE454.PDS, moved to PDS/$$$DOC
2025-04-13 19:47:17.023136 - Found $$$PROCS.jcl (text/plain) in CBT.V508.FILE454.PDS, moved to PDS/$$$PROCS
2025-04-13 19:47:17.023196 - Found $AIRD.txt (text/plain) in CBT.V508.FILE454.PDS, moved to PDS/$AIRD
2025-04-13 19:47:17.023258 - Found $CATSC.txt (text/plain) in CBT.V508.FILE454.PDS, moved to PDS/$CATSC
2025-04-13 19:47:17.023343 - Found $CATSO.txt (text/plain) in CBT.V508.FILE454.PDS, moved to PDS/$CATSO
2025-04-13 19:47:17.023404 - Found $CATSR.txt (text/plain) in CBT.V508.FILE454.PDS, moved to PDS/$CATSR
2025-04-13 19:47:17.023477 - Found $CEPA.txt (text/plain) in CBT.V508.FILE454.PDS, moved to PDS/$CEPA
2025-04-13 19:47:17.023542 - Found $CRS.txt (text/plain) in CBT.V508.FILE454.PDS, moved to PDS/$CRS
2025-04-13 19:47:17.023612 - Found $CTLGD.txt (text/plain) in CBT.V508.FILE454.PDS, moved to PDS/$CTLGD
2025-04-13 19:47:17.023674 - Found $DARSCA.txt (text/plain) in CBT.V508.FILE454.PDS, moved to PDS/$DARSCA
2025-04-13 19:47:17.023738 - Found $DASCAN.txt (text/plain) in CBT.V508.FILE454.PDS, moved to PDS/$DASCAN
2025-04-13 19:47:17.023807 - Found $DAUNTY.txt (text/plain) in CBT.V508.FILE454.PDS, moved to PDS/$DAUNTY
2025-04-13 19:47:17.023870 - Found $DAVALL.txt (text/plain) in CBT.V508.FILE454.PDS, moved to PDS/$DAVALL
2025-04-13 19:47:17.023930 - Found $DAVFR.txt (text/plain) in CBT.V508.FILE454.PDS, moved to PDS/$DAVFR
2025-04-13 19:47:17.023992 - Found $DEFREG.txt (text/plain) in CBT.V508.FILE454.PDS, moved to PDS/$DEFREG
2025-04-13 19:47:17.024052 - Found $DEFREG@.txt (text/plain) in CBT.V508.FILE454.PDS, moved to PDS/$DEFREG@
2025-04-13 19:47:17.024115 - Found $DVTYUN.txt (text/plain) in CBT.V508.FILE454.PDS, moved to PDS/$DVTYUN
2025-04-13 19:47:17.024178 - Found $DYNALL.txt (text/plain) in CBT.V508.FILE454.PDS, moved to PDS/$DYNALL
2025-04-13 19:47:17.024240 - Found $DYNCC.txt (text/plain) in CBT.V508.FILE454.PDS, moved to PDS/$DYNCC
2025-04-13 19:47:17.024307 - Found $DYNDC.txt (text/plain) in CBT.V508.FILE454.PDS, moved to PDS/$DYNDC
2025-04-13 19:47:17.024389 - Found $DYNLIST.txt (text/plain) in CBT.V508.FILE454.PDS, moved to PDS/$DYNLIST
2025-04-13 19:47:17.024448 - Found $EACM.txt (text/plain) in CBT.V508.FILE454.PDS, moved to PDS/$EACM
2025-04-13 19:47:17.024523 - Found $EDITH.txt (text/plain) in CBT.V508.FILE454.PDS, moved to PDS/$EDITH
2025-04-13 19:47:17.024598 - Found $FS.txt (text/plain) in CBT.V508.FILE454.PDS, moved to PDS/$FS
2025-04-13 19:47:17.024660 - Found $FS$TV.txt (text/plain) in CBT.V508.FILE454.PDS, moved to PDS/$FS$TV
2025-04-13 19:47:17.024730 - Found $FS@.txt (text/plain) in CBT.V508.FILE454.PDS, moved to PDS/$FS@
2025-04-13 19:47:17.024789 - Found $FSCC.txt (text/plain) in CBT.V508.FILE454.PDS, moved to PDS/$FSCC
2025-04-13 19:47:17.024854 - Found $FSDOT.txt (text/plain) in CBT.V508.FILE454.PDS, moved to PDS/$FSDOT
2025-04-13 19:47:17.024923 - Found $FSRA.txt (text/plain) in CBT.V508.FILE454.PDS, moved to PDS/$FSRA
2025-04-13 19:47:17.024989 - Found $FSSA.txt (text/plain) in CBT.V508.FILE454.PDS, moved to PDS/$FSSA
2025-04-13 19:47:17.025053 - Found $FSSBA.txt (text/plain) in CBT.V508.FILE454.PDS, moved to PDS/$FSSBA
2025-04-13 19:47:17.025117 - Found $FSSET.txt (text/plain) in CBT.V508.FILE454.PDS, moved to PDS/$FSSET
2025-04-13 19:47:17.025177 - Found $FSSF.txt (text/plain) in CBT.V508.FILE454.PDS, moved to PDS/$FSSF
2025-04-13 19:47:17.025236 - Found $FSSFE.txt (text/plain) in CBT.V508.FILE454.PDS, moved to PDS/$FSSFE
2025-04-13 19:47:17.025295 - Found $FSTXT.txt (text/plain) in CBT.V508.FILE454.PDS, moved to PDS/$FSTXT
2025-04-13 19:47:17.025365 - Found $FSWCC.txt (text/plain) in CBT.V508.FILE454.PDS, moved to PDS/$FSWCC
2025-04-13 19:47:17.025429 - Found $GDATE.txt (text/plain) in CBT.V508.FILE454.PDS, moved to PDS/$GDATE
2025-04-13 19:47:17.025498 - Found $GFDATE.txt (text/plain) in CBT.V508.FILE454.PDS, moved to PDS/$GFDATE
2025-04-13 19:47:17.025563 - Found $GGUCL.txt (text/plain) in CBT.V508.FILE454.PDS, moved to PDS/$GGUCL
2025-04-13 19:47:17.025624 - Found $GGUR.txt (text/plain) in CBT.V508.FILE454.PDS, moved to PDS/$GGUR
2025-04-13 19:47:17.025710 - Found $GSDATE.txt (text/plain) in CBT.V508.FILE454.PDS, moved to PDS/$GSDATE
2025-04-13 19:47:17.025773 - Found $GUACL.txt (text/plain) in CBT.V508.FILE454.PDS, moved to PDS/$GUACL
2025-04-13 19:47:17.025837 - Found $GUAR.txt (text/plain) in CBT.V508.FILE454.PDS, moved to PDS/$GUAR
2025-04-13 19:47:17.025906 - Found $HEDIT.txt (text/plain) in CBT.V508.FILE454.PDS, moved to PDS/$HEDIT
2025-04-13 19:47:17.025966 - Found $HEDIT@.txt (text/plain) in CBT.V508.FILE454.PDS, moved to PDS/$HEDIT@
2025-04-13 19:47:17.026039 - Found $ICFCD.txt (text/plain) in CBT.V508.FILE454.PDS, moved to PDS/$ICFCD
2025-04-13 19:47:17.026108 - Found $ICFSC.txt (text/plain) in CBT.V508.FILE454.PDS, moved to PDS/$ICFSC
2025-04-13 19:47:17.026239 - Found $ICFSO.txt (text/plain) in CBT.V508.FILE454.PDS, moved to PDS/$ICFSO
2025-04-13 19:47:17.026317 - Found $ICFSR.txt (text/plain) in CBT.V508.FILE454.PDS, moved to PDS/$ICFSR
2025-04-13 19:47:17.026388 - Found $ICFSW.txt (text/plain) in CBT.V508.FILE454.PDS, moved to PDS/$ICFSW
2025-04-13 19:47:17.026450 - Found $IDENT.txt (text/plain) in CBT.V508.FILE454.PDS, moved to PDS/$IDENT
2025-04-13 19:47:17.026520 - Found $INSORT.txt (text/plain) in CBT.V508.FILE454.PDS, moved to PDS/$INSORT
2025-04-13 19:47:17.026592 - Found $ISPF.txt (text/plain) in CBT.V508.FILE454.PDS, moved to PDS/$ISPF
2025-04-13 19:47:17.026656 - Found $MCLOSE.txt (text/plain) in CBT.V508.FILE454.PDS, moved to PDS/$MCLOSE
2025-04-13 19:47:17.026719 - Found $MDL@IX.txt (text/plain) in CBT.V508.FILE454.PDS, moved to PDS/$MDL@IX
2025-04-13 19:47:17.026781 - Found $MFIND.txt (text/plain) in CBT.V508.FILE454.PDS, moved to PDS/$MFIND
2025-04-13 19:47:17.026842 - Found $MOPEN.txt (text/plain) in CBT.V508.FILE454.PDS, moved to PDS/$MOPEN
2025-04-13 19:47:17.026905 - Found $MREAD.txt (text/plain) in CBT.V508.FILE454.PDS, moved to PDS/$MREAD
2025-04-13 19:47:17.026964 - Found $NOSWAP.txt (text/plain) in CBT.V508.FILE454.PDS, moved to PDS/$NOSWAP
2025-04-13 19:47:17.027023 - Found $OKSWAP.txt (text/plain) in CBT.V508.FILE454.PDS, moved to PDS/$OKSWAP
2025-04-13 19:47:17.027084 - Found $OPCOM.txt (text/plain) in CBT.V508.FILE454.PDS, moved to PDS/$OPCOM
2025-04-13 19:47:17.027147 - Found $PCLOSE.txt (text/plain) in CBT.V508.FILE454.PDS, moved to PDS/$PCLOSE
2025-04-13 19:47:17.027216 - Found $PDCLOSE.txt (text/plain) in CBT.V508.FILE454.PDS, moved to PDS/$PDCLOSE
2025-04-13 19:47:17.027279 - Found $PDOPEN.txt (text/plain) in CBT.V508.FILE454.PDS, moved to PDS/$PDOPEN
2025-04-13 19:47:17.027347 - Found $PDREAD.txt (text/plain) in CBT.V508.FILE454.PDS, moved to PDS/$PDREAD
2025-04-13 19:47:17.027419 - Found $PLCLOSE.txt (text/plain) in CBT.V508.FILE454.PDS, moved to PDS/$PLCLOSE
2025-04-13 19:47:17.027484 - Found $PLOPEN.txt (text/plain) in CBT.V508.FILE454.PDS, moved to PDS/$PLOPEN
2025-04-13 19:47:17.027557 - Found $PLPOINT.txt (text/plain) in CBT.V508.FILE454.PDS, moved to PDS/$PLPOINT
2025-04-13 19:47:17.027630 - Found $PLREAD.txt (text/plain) in CBT.V508.FILE454.PDS, moved to PDS/$PLREAD
2025-04-13 19:47:17.027699 - Found $PRINT.txt (text/plain) in CBT.V508.FILE454.PDS, moved to PDS/$PRINT
2025-04-13 19:47:17.027761 - Found $PUNCH.txt (text/plain) in CBT.V508.FILE454.PDS, moved to PDS/$PUNCH
2025-04-13 19:47:17.027830 - Found $RCLOSE.txt (text/plain) in CBT.V508.FILE454.PDS, moved to PDS/$RCLOSE
2025-04-13 19:47:17.027896 - Found $RDCHK.txt (text/plain) in CBT.V508.FILE454.PDS, moved to PDS/$RDCHK
2025-04-13 19:47:17.027963 - Found $READ.txt (text/plain) in CBT.V508.FILE454.PDS, moved to PDS/$READ
2025-04-13 19:47:17.028026 - Found $SDATE.txt (text/plain) in CBT.V508.FILE454.PDS, moved to PDS/$SDATE
2025-04-13 19:47:17.028091 - Found $SETOPC.txt (text/plain) in CBT.V508.FILE454.PDS, moved to PDS/$SETOPC
2025-04-13 19:47:17.028150 - Found $SIDTB.txt (text/plain) in CBT.V508.FILE454.PDS, moved to PDS/$SIDTB
2025-04-13 19:47:17.028211 - Found $SNAP.txt (text/plain) in CBT.V508.FILE454.PDS, moved to PDS/$SNAP
2025-04-13 19:47:17.028278 - Found $SORT.txt (text/plain) in CBT.V508.FILE454.PDS, moved to PDS/$SORT
2025-04-13 19:47:17.028344 - Found $SORT@.txt (text/plain) in CBT.V508.FILE454.PDS, moved to PDS/$SORT@
2025-04-13 19:47:17.028417 - Found $SRPI.txt (text/plain) in CBT.V508.FILE454.PDS, moved to PDS/$SRPI
2025-04-13 19:47:17.028483 - Found $SSCMD.txt (text/plain) in CBT.V508.FILE454.PDS, moved to PDS/$SSCMD
2025-04-13 19:47:17.028554 - Found $TEW$DS.txt (text/plain) in CBT.V508.FILE454.PDS, moved to PDS/$TEW$DS
2025-04-13 19:47:17.028627 - Found $TEW$EC.txt (text/plain) in CBT.V508.FILE454.PDS, moved to PDS/$TEW$EC
2025-04-13 19:47:17.028689 - Found $TEW$PP.txt (text/plain) in CBT.V508.FILE454.PDS, moved to PDS/$TEW$PP
2025-04-13 19:47:17.028749 - Found $TEW$WA.txt (text/plain) in CBT.V508.FILE454.PDS, moved to PDS/$TEW$WA
2025-04-13 19:47:17.028815 - Found $TEW@.txt (text/plain) in CBT.V508.FILE454.PDS, moved to PDS/$TEW@
2025-04-13 19:47:17.028875 - Found $TREQ.txt (text/plain) in CBT.V508.FILE454.PDS, moved to PDS/$TREQ
2025-04-13 19:47:17.028954 - Found $TSWXA.txt (text/plain) in CBT.V508.FILE454.PDS, moved to PDS/$TSWXA
2025-04-13 19:47:17.029017 - Found $TSWXA@.txt (text/plain) in CBT.V508.FILE454.PDS, moved to PDS/$TSWXA@
2025-04-13 19:47:17.029080 - Found $UCLOSE.txt (text/plain) in CBT.V508.FILE454.PDS, moved to PDS/$UCLOSE
2025-04-13 19:47:17.029145 - Found $UJVT.txt (text/plain) in CBT.V508.FILE454.PDS, moved to PDS/$UJVT
2025-04-13 19:47:17.029208 - Found $VCLOSE.txt (text/plain) in CBT.V508.FILE454.PDS, moved to PDS/$VCLOSE
2025-04-13 19:47:17.029269 - Found $VOPEN.txt (text/plain) in CBT.V508.FILE454.PDS, moved to PDS/$VOPEN
2025-04-13 19:47:17.029343 - Found $VREAD.txt (text/plain) in CBT.V508.FILE454.PDS, moved to PDS/$VREAD
2025-04-13 19:47:17.029414 - Found $VTOCDC.txt (text/plain) in CBT.V508.FILE454.PDS, moved to PDS/$VTOCDC
2025-04-13 19:47:17.029480 - Found $VTOCDO.txt (text/plain) in CBT.V508.FILE454.PDS, moved to PDS/$VTOCDO
2025-04-13 19:47:17.029571 - Found $VTOCDR.txt (text/plain) in CBT.V508.FILE454.PDS, moved to PDS/$VTOCDR
2025-04-13 19:47:17.029670 - Found $VTOCDW.txt (text/plain) in CBT.V508.FILE454.PDS, moved to PDS/$VTOCDW
2025-04-13 19:47:17.029732 - Found $VTOCQC.txt (text/plain) in CBT.V508.FILE454.PDS, moved to PDS/$VTOCQC
2025-04-13 19:47:17.029795 - Found $VTOCQO.txt (text/plain) in CBT.V508.FILE454.PDS, moved to PDS/$VTOCQO
2025-04-13 19:47:17.029859 - Found $VTOCQR.txt (text/plain) in CBT.V508.FILE454.PDS, moved to PDS/$VTOCQR
2025-04-13 19:47:17.029922 - Found $VTOCSC.txt (text/plain) in CBT.V508.FILE454.PDS, moved to PDS/$VTOCSC
2025-04-13 19:47:17.030000 - Found $VTOCSO.txt (text/plain) in CBT.V508.FILE454.PDS, moved to PDS/$VTOCSO
2025-04-13 19:47:17.030067 - Found $VTOCSR.txt (text/plain) in CBT.V508.FILE454.PDS, moved to PDS/$VTOCSR
2025-04-13 19:47:17.030153 - Found $VTTCAM.txt (text/plain) in CBT.V508.FILE454.PDS, moved to PDS/$VTTCAM
2025-04-13 19:47:17.030236 - Found $XENT.txt (text/plain) in CBT.V508.FILE454.PDS, moved to PDS/$XENT
2025-04-13 19:47:17.030304 - Found $XENT@.txt (text/plain) in CBT.V508.FILE454.PDS, moved to PDS/$XENT@
2025-04-13 19:47:17.030367 - Found $XRET.txt (text/plain) in CBT.V508.FILE454.PDS, moved to PDS/$XRET
2025-04-13 19:47:17.030438 - Found $XRET@.txt (text/plain) in CBT.V508.FILE454.PDS, moved to PDS/$XRET@
2025-04-13 19:47:17.030510 - Found $XTC.txt (text/plain) in CBT.V508.FILE454.PDS, moved to PDS/$XTC
2025-04-13 19:47:17.030572 - Found #DOC#.txt (text/plain) in CBT.V508.FILE454.PDS, moved to PDS/#DOC#
2025-04-13 19:47:17.030635 - Found #INFO#.txt (text/plain) in CBT.V508.FILE454.PDS, moved to PDS/#INFO#
2025-04-13 19:47:17.030706 - Found #MANUAL#.txt (text/plain) in CBT.V508.FILE454.PDS, moved to PDS/#MANUAL#
2025-04-13 19:47:17.030779 - Found @FILE454.txt (text/plain) in CBT.V508.FILE454.PDS, moved to PDS/@FILE454
2025-04-13 19:47:17.030847 - Found @FS.txt (text/plain) in CBT.V508.FILE454.PDS, moved to PDS/@FS
2025-04-13 19:47:17.030921 - Found @FSBA.txt (text/plain) in CBT.V508.FILE454.PDS, moved to PDS/@FSBA
2025-04-13 19:47:17.031001 - Found @FSI.txt (text/plain) in CBT.V508.FILE454.PDS, moved to PDS/@FSI
2025-04-13 19:47:17.031065 - Found @FSO.txt (text/plain) in CBT.V508.FILE454.PDS, moved to PDS/@FSO
2025-04-13 19:47:17.031124 - Found @FSQ.txt (text/plain) in CBT.V508.FILE454.PDS, moved to PDS/@FSQ
2025-04-13 19:47:17.031183 - Found @FSR.txt (text/plain) in CBT.V508.FILE454.PDS, moved to PDS/@FSR
2025-04-13 19:47:17.031251 - Found @FSRC.txt (text/plain) in CBT.V508.FILE454.PDS, moved to PDS/@FSRC
2025-04-13 19:47:17.031326 - Found @FST.txt (text/plain) in CBT.V508.FILE454.PDS, moved to PDS/@FST
2025-04-13 19:47:17.031390 - Found ALLOCGD$.jcl (text/plain) in CBT.V508.FILE454.PDS, moved to PDS/ALLOCGD$
2025-04-13 19:47:17.031461 - Found ALLOCGD@.txt (text/plain) in CBT.V508.FILE454.PDS, moved to PDS/ALLOCGD@
2025-04-13 19:47:17.031538 - Found ALLOCGDG.txt (text/plain) in CBT.V508.FILE454.PDS, moved to PDS/ALLOCGDG
2025-04-13 19:47:17.031604 - Found ALLOCGDH.txt (text/plain) in CBT.V508.FILE454.PDS, moved to PDS/ALLOCGDH
2025-04-13 19:47:17.031674 - Found AUTHC.txt (text/plain) in CBT.V508.FILE454.PDS, moved to PDS/AUTHC
2025-04-13 19:47:17.031735 - Found AUTHC$.jcl (text/plain) in CBT.V508.FILE454.PDS, moved to PDS/AUTHC$
2025-04-13 19:47:17.031793 - Found AUTHC@.txt (text/plain) in CBT.V508.FILE454.PDS, moved to PDS/AUTHC@
2025-04-13 19:47:17.031873 - Found AUTHCTL.txt (text/plain) in CBT.V508.FILE454.PDS, moved to PDS/AUTHCTL
2025-04-13 19:47:17.031938 - Found AUTHCTL$.jcl (text/plain) in CBT.V508.FILE454.PDS, moved to PDS/AUTHCTL$
2025-04-13 19:47:17.032016 - Found AUTHCTL@.txt (text/plain) in CBT.V508.FILE454.PDS, moved to PDS/AUTHCTL@
2025-04-13 19:47:17.032081 - Found AUTHSVC.txt (text/plain) in CBT.V508.FILE454.PDS, moved to PDS/AUTHSVC
2025-04-13 19:47:17.032141 - Found AUTHSVC$.jcl (text/plain) in CBT.V508.FILE454.PDS, moved to PDS/AUTHSVC$
2025-04-13 19:47:17.032202 - Found AUTHSVC@.txt (text/plain) in CBT.V508.FILE454.PDS, moved to PDS/AUTHSVC@
2025-04-13 19:47:17.032271 - Found AUTHUGT.txt (text/plain) in CBT.V508.FILE454.PDS, moved to PDS/AUTHUGT
2025-04-13 19:47:17.032363 - Found BIG.txt (text/plain) in CBT.V508.FILE454.PDS, moved to PDS/BIG
2025-04-13 19:47:17.032447 - Found BIG@.txt (text/plain) in CBT.V508.FILE454.PDS, moved to PDS/BIG@
2025-04-13 19:47:17.032533 - Found BIGS.txt (text/plain) in CBT.V508.FILE454.PDS, moved to PDS/BIGS
2025-04-13 19:47:17.032594 - Found BIGS@.txt (text/plain) in CBT.V508.FILE454.PDS, moved to PDS/BIGS@
2025-04-13 19:47:17.032685 - Found BLOCK.txt (text/plain) in CBT.V508.FILE454.PDS, moved to PDS/BLOCK
2025-04-13 19:47:17.032753 - Found BLOCK@.txt (text/plain) in CBT.V508.FILE454.PDS, moved to PDS/BLOCK@
2025-04-13 19:47:17.032853 - Found CATS.txt (text/plain) in CBT.V508.FILE454.PDS, moved to PDS/CATS
2025-04-13 19:47:17.032922 - Found CATS$.jcl (text/plain) in CBT.V508.FILE454.PDS, moved to PDS/CATS$
2025-04-13 19:47:17.033010 - Found CATS@.txt (text/plain) in CBT.V508.FILE454.PDS, moved to PDS/CATS@
2025-04-13 19:47:17.033097 - Found CBOOK000.txt (text/plain) in CBT.V508.FILE454.PDS, moved to PDS/CBOOK000
2025-04-13 19:47:17.033161 - Found CENTER.txt (text/plain) in CBT.V508.FILE454.PDS, moved to PDS/CENTER
2025-04-13 19:47:17.033228 - Found CENTER@.txt (text/plain) in CBT.V508.FILE454.PDS, moved to PDS/CENTER@
2025-04-13 19:47:17.033288 - Found CNVCLIS$.jcl (text/plain) in CBT.V508.FILE454.PDS, moved to PDS/CNVCLIS$
2025-04-13 19:47:17.033355 - Found CNVCLIS@.txt (text/plain) in CBT.V508.FILE454.PDS, moved to PDS/CNVCLIS@
2025-04-13 19:47:17.033447 - Found CNVCLIST.txt (text/plain) in CBT.V508.FILE454.PDS, moved to PDS/CNVCLIST
2025-04-13 19:47:17.033517 - Found COMPRES@.txt (text/plain) in CBT.V508.FILE454.PDS, moved to PDS/COMPRES@
2025-04-13 19:47:17.033590 - Found COMPRESS.txt (text/plain) in CBT.V508.FILE454.PDS, moved to PDS/COMPRESS
2025-04-13 19:47:17.033655 - Found CONCAT.txt (text/plain) in CBT.V508.FILE454.PDS, moved to PDS/CONCAT
2025-04-13 19:47:17.033716 - Found CONCAT$.jcl (text/plain) in CBT.V508.FILE454.PDS, moved to PDS/CONCAT$
2025-04-13 19:47:17.033788 - Found CONCAT@.txt (text/plain) in CBT.V508.FILE454.PDS, moved to PDS/CONCAT@
2025-04-13 19:47:17.033860 - Found CONCATH.txt (text/plain) in CBT.V508.FILE454.PDS, moved to PDS/CONCATH
2025-04-13 19:47:17.033926 - Found CONT.txt (text/plain) in CBT.V508.FILE454.PDS, moved to PDS/CONT
2025-04-13 19:47:17.034004 - Found CONT@.txt (text/plain) in CBT.V508.FILE454.PDS, moved to PDS/CONT@
2025-04-13 19:47:17.034068 - Found CONTROL.txt (text/plain) in CBT.V508.FILE454.PDS, moved to PDS/CONTROL
2025-04-13 19:47:17.034153 - Found CONTROL@.txt (text/plain) in CBT.V508.FILE454.PDS, moved to PDS/CONTROL@
2025-04-13 19:47:17.034225 - Found CP.txt (text/plain) in CBT.V508.FILE454.PDS, moved to PDS/CP
2025-04-13 19:47:17.034288 - Found CP$.jcl (text/plain) in CBT.V508.FILE454.PDS, moved to PDS/CP$
2025-04-13 19:47:17.034351 - Found CP@.txt (text/plain) in CBT.V508.FILE454.PDS, moved to PDS/CP@
2025-04-13 19:47:17.034426 - Found CRY.txt (text/plain) in CBT.V508.FILE454.PDS, moved to PDS/CRY
2025-04-13 19:47:17.034497 - Found CRY$.jcl (text/plain) in CBT.V508.FILE454.PDS, moved to PDS/CRY$
2025-04-13 19:47:17.034561 - Found CRY@.txt (text/plain) in CBT.V508.FILE454.PDS, moved to PDS/CRY@
2025-04-13 19:47:17.034629 - Found CUT.txt (text/plain) in CBT.V508.FILE454.PDS, moved to PDS/CUT
2025-04-13 19:47:17.034699 - Found CUT#.txt (text/plain) in CBT.V508.FILE454.PDS, moved to PDS/CUT#
2025-04-13 19:47:17.034767 - Found CUT@.txt (text/plain) in CBT.V508.FILE454.PDS, moved to PDS/CUT@
2025-04-13 19:47:17.034828 - Found DASCAN.txt (text/plain) in CBT.V508.FILE454.PDS, moved to PDS/DASCAN
2025-04-13 19:47:17.034889 - Found DASCAN$.jcl (text/plain) in CBT.V508.FILE454.PDS, moved to PDS/DASCAN$
2025-04-13 19:47:17.034978 - Found DASCAN@.txt (text/plain) in CBT.V508.FILE454.PDS, moved to PDS/DASCAN@
2025-04-13 19:47:17.035050 - Found DAUNTY.txt (text/plain) in CBT.V508.FILE454.PDS, moved to PDS/DAUNTY
2025-04-13 19:47:17.035113 - Found DAUNTY$.jcl (text/plain) in CBT.V508.FILE454.PDS, moved to PDS/DAUNTY$
2025-04-13 19:47:17.035183 - Found DAUNTY@.txt (text/plain) in CBT.V508.FILE454.PDS, moved to PDS/DAUNTY@
2025-04-13 19:47:17.035257 - Found DAVALL.txt (text/plain) in CBT.V508.FILE454.PDS, moved to PDS/DAVALL
2025-04-13 19:47:17.035327 - Found DAVALL$.jcl (text/plain) in CBT.V508.FILE454.PDS, moved to PDS/DAVALL$
2025-04-13 19:47:17.035389 - Found DAVALL@.txt (text/plain) in CBT.V508.FILE454.PDS, moved to PDS/DAVALL@
2025-04-13 19:47:17.035448 - Found DECONCA$.jcl (text/plain) in CBT.V508.FILE454.PDS, moved to PDS/DECONCA$
2025-04-13 19:47:17.035507 - Found DECONCA@.txt (text/plain) in CBT.V508.FILE454.PDS, moved to PDS/DECONCA@
2025-04-13 19:47:17.035576 - Found DECONCAH.txt (text/plain) in CBT.V508.FILE454.PDS, moved to PDS/DECONCAH
2025-04-13 19:47:17.035653 - Found DECONCAT.txt (text/plain) in CBT.V508.FILE454.PDS, moved to PDS/DECONCAT
2025-04-13 19:47:17.035716 - Found DECRYPT.txt (text/plain) in CBT.V508.FILE454.PDS, moved to PDS/DECRYPT
2025-04-13 19:47:17.035807 - Found DTSO.txt (text/plain) in CBT.V508.FILE454.PDS, moved to PDS/DTSO
2025-04-13 19:47:17.035883 - Found DTSO$.jcl (text/plain) in CBT.V508.FILE454.PDS, moved to PDS/DTSO$
2025-04-13 19:47:17.035948 - Found DTSO@.txt (text/plain) in CBT.V508.FILE454.PDS, moved to PDS/DTSO@
2025-04-13 19:47:17.036021 - Found DTSOH.txt (text/plain) in CBT.V508.FILE454.PDS, moved to PDS/DTSOH
2025-04-13 19:47:17.036104 - Found DTUR.txt (text/plain) in CBT.V508.FILE454.PDS, moved to PDS/DTUR
2025-04-13 19:47:17.036169 - Found DTUR$.jcl (text/plain) in CBT.V508.FILE454.PDS, moved to PDS/DTUR$
2025-04-13 19:47:17.036234 - Found DTUR@.txt (text/plain) in CBT.V508.FILE454.PDS, moved to PDS/DTUR@
2025-04-13 19:47:17.036297 - Found DVTYUN.txt (text/plain) in CBT.V508.FILE454.PDS, moved to PDS/DVTYUN
2025-04-13 19:47:17.036367 - Found DVTYUN$.jcl (text/plain) in CBT.V508.FILE454.PDS, moved to PDS/DVTYUN$
2025-04-13 19:47:17.036440 - Found DVTYUN@.txt (text/plain) in CBT.V508.FILE454.PDS, moved to PDS/DVTYUN@
2025-04-13 19:47:17.036530 - Found DYNALL.txt (text/plain) in CBT.V508.FILE454.PDS, moved to PDS/DYNALL
2025-04-13 19:47:17.036596 - Found DYNALL$.jcl (text/plain) in CBT.V508.FILE454.PDS, moved to PDS/DYNALL$
2025-04-13 19:47:17.036676 - Found DYNALL@.txt (text/plain) in CBT.V508.FILE454.PDS, moved to PDS/DYNALL@
2025-04-13 19:47:17.036748 - Found DYNCC.txt (text/plain) in CBT.V508.FILE454.PDS, moved to PDS/DYNCC
2025-04-13 19:47:17.036811 - Found DYNCC$.jcl (text/plain) in CBT.V508.FILE454.PDS, moved to PDS/DYNCC$
2025-04-13 19:47:17.036875 - Found DYNCC@.txt (text/plain) in CBT.V508.FILE454.PDS, moved to PDS/DYNCC@
2025-04-13 19:47:17.036964 - Found EDITH.txt (text/plain) in CBT.V508.FILE454.PDS, moved to PDS/EDITH
2025-04-13 19:47:17.037029 - Found EDITH$.jcl (text/plain) in CBT.V508.FILE454.PDS, moved to PDS/EDITH$
2025-04-13 19:47:17.037090 - Found EDITH@.txt (text/plain) in CBT.V508.FILE454.PDS, moved to PDS/EDITH@
2025-04-13 19:47:17.037151 - Found EDITMACS.txt (text/plain) in CBT.V508.FILE454.PDS, moved to PDS/EDITMACS
2025-04-13 19:47:17.037211 - Found EDITMACT.bin (application/octet-stream) in CBT.V508.FILE454.PDS, moved to PDS/EDITMACT
2025-04-13 19:47:17.037283 - Found EDMODE.txt (text/plain) in CBT.V508.FILE454.PDS, moved to PDS/EDMODE
2025-04-13 19:47:17.037345 - Found EDMODE@.txt (text/plain) in CBT.V508.FILE454.PDS, moved to PDS/EDMODE@
2025-04-13 19:47:17.037406 - Found EDVIO.txt (text/plain) in CBT.V508.FILE454.PDS, moved to PDS/EDVIO
2025-04-13 19:47:17.037467 - Found ENCRYPT.txt (text/plain) in CBT.V508.FILE454.PDS, moved to PDS/ENCRYPT
2025-04-13 19:47:17.037527 - Found ENDECR@.txt (text/plain) in CBT.V508.FILE454.PDS, moved to PDS/ENDECR@
2025-04-13 19:47:17.037587 - Found EOL.txt (text/plain) in CBT.V508.FILE454.PDS, moved to PDS/EOL
2025-04-13 19:47:17.037657 - Found EOL@.txt (text/plain) in CBT.V508.FILE454.PDS, moved to PDS/EOL@
2025-04-13 19:47:17.037721 - Found ERASE$.jcl (text/plain) in CBT.V508.FILE454.PDS, moved to PDS/ERASE$
2025-04-13 19:47:17.037801 - Found ERASE@.txt (text/plain) in CBT.V508.FILE454.PDS, moved to PDS/ERASE@
2025-04-13 19:47:17.037863 - Found ERASESYM.txt (text/plain) in CBT.V508.FILE454.PDS, moved to PDS/ERASESYM
2025-04-13 19:47:17.037929 - Found EURACFT.txt (text/plain) in CBT.V508.FILE454.PDS, moved to PDS/EURACFT
2025-04-13 19:47:17.037989 - Found EURACFT$.jcl (text/plain) in CBT.V508.FILE454.PDS, moved to PDS/EURACFT$
2025-04-13 19:47:17.038049 - Found EURACFT@.txt (text/plain) in CBT.V508.FILE454.PDS, moved to PDS/EURACFT@
2025-04-13 19:47:17.038133 - Found EURACFTH.txt (text/plain) in CBT.V508.FILE454.PDS, moved to PDS/EURACFTH
2025-04-13 19:47:17.038216 - Found EUSID.txt (text/plain) in CBT.V508.FILE454.PDS, moved to PDS/EUSID
2025-04-13 19:47:17.038277 - Found EUSID$.jcl (text/plain) in CBT.V508.FILE454.PDS, moved to PDS/EUSID$
2025-04-13 19:47:17.038342 - Found EUSID@.txt (text/plain) in CBT.V508.FILE454.PDS, moved to PDS/EUSID@
2025-04-13 19:47:17.038403 - Found EUSIDH.txt (text/plain) in CBT.V508.FILE454.PDS, moved to PDS/EUSIDH
2025-04-13 19:47:17.038474 - Found EUSMF.txt (text/plain) in CBT.V508.FILE454.PDS, moved to PDS/EUSMF
2025-04-13 19:47:17.038537 - Found EUSMF$.jcl (text/plain) in CBT.V508.FILE454.PDS, moved to PDS/EUSMF$
2025-04-13 19:47:17.038601 - Found EUSMF@.txt (text/plain) in CBT.V508.FILE454.PDS, moved to PDS/EUSMF@
2025-04-13 19:47:17.038674 - Found EUSMFH.txt (text/plain) in CBT.V508.FILE454.PDS, moved to PDS/EUSMFH
2025-04-13 19:47:17.038745 - Found EUSUB.txt (text/plain) in CBT.V508.FILE454.PDS, moved to PDS/EUSUB
2025-04-13 19:47:17.038807 - Found EUSUB$.jcl (text/plain) in CBT.V508.FILE454.PDS, moved to PDS/EUSUB$
2025-04-13 19:47:17.038867 - Found EUSUB@.txt (text/plain) in CBT.V508.FILE454.PDS, moved to PDS/EUSUB@
2025-04-13 19:47:17.038926 - Found FC.txt (text/plain) in CBT.V508.FILE454.PDS, moved to PDS/FC
2025-04-13 19:47:17.038987 - Found FC@.txt (text/plain) in CBT.V508.FILE454.PDS, moved to PDS/FC@
2025-04-13 19:47:17.039050 - Found FILEINF$.jcl (text/plain) in CBT.V508.FILE454.PDS, moved to PDS/FILEINF$
2025-04-13 19:47:17.039116 - Found FILEINF@.txt (text/plain) in CBT.V508.FILE454.PDS, moved to PDS/FILEINF@
2025-04-13 19:47:17.039184 - Found FILEINFH.txt (text/plain) in CBT.V508.FILE454.PDS, moved to PDS/FILEINFH
2025-04-13 19:47:17.039284 - Found FILEINFO.txt (text/plain) in CBT.V508.FILE454.PDS, moved to PDS/FILEINFO
2025-04-13 19:47:17.039357 - Found FILSPAC$.jcl (text/plain) in CBT.V508.FILE454.PDS, moved to PDS/FILSPAC$
2025-04-13 19:47:17.039425 - Found FILSPAC@.txt (text/plain) in CBT.V508.FILE454.PDS, moved to PDS/FILSPAC@
2025-04-13 19:47:17.039500 - Found FILSPACE.txt (text/plain) in CBT.V508.FILE454.PDS, moved to PDS/FILSPACE
2025-04-13 19:47:17.039570 - Found FINDMEM.txt (text/plain) in CBT.V508.FILE454.PDS, moved to PDS/FINDMEM
2025-04-13 19:47:17.039649 - Found FINDMEM$.jcl (text/plain) in CBT.V508.FILE454.PDS, moved to PDS/FINDMEM$
2025-04-13 19:47:17.039716 - Found FINDMEM@.txt (text/plain) in CBT.V508.FILE454.PDS, moved to PDS/FINDMEM@
2025-04-13 19:47:17.039787 - Found FIXJCL.txt (text/plain) in CBT.V508.FILE454.PDS, moved to PDS/FIXJCL
2025-04-13 19:47:17.039850 - Found FIXJCL@.txt (text/plain) in CBT.V508.FILE454.PDS, moved to PDS/FIXJCL@
2025-04-13 19:47:17.039912 - Found FLOWJCL.txt (text/plain) in CBT.V508.FILE454.PDS, moved to PDS/FLOWJCL
2025-04-13 19:47:17.039974 - Found FLOWJCL@.txt (text/plain) in CBT.V508.FILE454.PDS, moved to PDS/FLOWJCL@
2025-04-13 19:47:17.040046 - Found FSPACE.txt (text/plain) in CBT.V508.FILE454.PDS, moved to PDS/FSPACE
2025-04-13 19:47:17.040108 - Found FSPACE$.jcl (text/plain) in CBT.V508.FILE454.PDS, moved to PDS/FSPACE$
2025-04-13 19:47:17.040185 - Found FSPACEH.txt (text/plain) in CBT.V508.FILE454.PDS, moved to PDS/FSPACEH
2025-04-13 19:47:17.040340 - Found FSRTN.txt (text/plain) in CBT.V508.FILE454.PDS, moved to PDS/FSRTN
2025-04-13 19:47:17.040446 - Found FSRTN$.jcl (text/plain) in CBT.V508.FILE454.PDS, moved to PDS/FSRTN$
2025-04-13 19:47:17.040548 - Found FSRTN@.txt (text/plain) in CBT.V508.FILE454.PDS, moved to PDS/FSRTN@
2025-04-13 19:47:17.040650 - Found GACTN.txt (text/plain) in CBT.V508.FILE454.PDS, moved to PDS/GACTN
2025-04-13 19:47:17.040749 - Found GACTN$.jcl (text/plain) in CBT.V508.FILE454.PDS, moved to PDS/GACTN$
2025-04-13 19:47:17.040848 - Found GACTN@.txt (text/plain) in CBT.V508.FILE454.PDS, moved to PDS/GACTN@
2025-04-13 19:47:17.040989 - Found GDGALLR.txt (text/plain) in CBT.V508.FILE454.PDS, moved to PDS/GDGALLR
2025-04-13 19:47:17.041097 - Found GDGALLR$.jcl (text/plain) in CBT.V508.FILE454.PDS, moved to PDS/GDGALLR$
2025-04-13 19:47:17.041187 - Found GDGALLR@.txt (text/plain) in CBT.V508.FILE454.PDS, moved to PDS/GDGALLR@
2025-04-13 19:47:17.041254 - Found GDGRESE$.jcl (text/plain) in CBT.V508.FILE454.PDS, moved to PDS/GDGRESE$
2025-04-13 19:47:17.041373 - Found GDGRESE@.txt (text/plain) in CBT.V508.FILE454.PDS, moved to PDS/GDGRESE@
2025-04-13 19:47:17.041470 - Found GDGRESET.txt (text/plain) in CBT.V508.FILE454.PDS, moved to PDS/GDGRESET
2025-04-13 19:47:17.041559 - Found GETPAN.txt (text/plain) in CBT.V508.FILE454.PDS, moved to PDS/GETPAN
2025-04-13 19:47:17.041631 - Found GETPAN@.txt (text/plain) in CBT.V508.FILE454.PDS, moved to PDS/GETPAN@
2025-04-13 19:47:17.041728 - Found GFDATE.txt (text/plain) in CBT.V508.FILE454.PDS, moved to PDS/GFDATE
2025-04-13 19:47:17.041794 - Found GFDATE$.jcl (text/plain) in CBT.V508.FILE454.PDS, moved to PDS/GFDATE$
2025-04-13 19:47:17.041863 - Found GFDATE@.txt (text/plain) in CBT.V508.FILE454.PDS, moved to PDS/GFDATE@
2025-04-13 19:47:17.041933 - Found GGUR.txt (text/plain) in CBT.V508.FILE454.PDS, moved to PDS/GGUR
2025-04-13 19:47:17.041995 - Found GGUR$.jcl (text/plain) in CBT.V508.FILE454.PDS, moved to PDS/GGUR$
2025-04-13 19:47:17.042056 - Found GGUR@.txt (text/plain) in CBT.V508.FILE454.PDS, moved to PDS/GGUR@
2025-04-13 19:47:17.042143 - Found GPARM.txt (text/plain) in CBT.V508.FILE454.PDS, moved to PDS/GPARM
2025-04-13 19:47:17.042210 - Found GPARM$.jcl (text/plain) in CBT.V508.FILE454.PDS, moved to PDS/GPARM$
2025-04-13 19:47:17.042276 - Found GPARM@.txt (text/plain) in CBT.V508.FILE454.PDS, moved to PDS/GPARM@
2025-04-13 19:47:17.042343 - Found GUAR.txt (text/plain) in CBT.V508.FILE454.PDS, moved to PDS/GUAR
2025-04-13 19:47:17.042408 - Found GUAR$.jcl (text/plain) in CBT.V508.FILE454.PDS, moved to PDS/GUAR$
2025-04-13 19:47:17.042471 - Found GUAR@.txt (text/plain) in CBT.V508.FILE454.PDS, moved to PDS/GUAR@
2025-04-13 19:47:17.042563 - Found ICFS.txt (text/plain) in CBT.V508.FILE454.PDS, moved to PDS/ICFS
2025-04-13 19:47:17.042636 - Found ICFS$.jcl (text/plain) in CBT.V508.FILE454.PDS, moved to PDS/ICFS$
2025-04-13 19:47:17.042716 - Found ICFS@.txt (text/plain) in CBT.V508.FILE454.PDS, moved to PDS/ICFS@
2025-04-13 19:47:17.042801 - Found INSORT.txt (text/plain) in CBT.V508.FILE454.PDS, moved to PDS/INSORT
2025-04-13 19:47:17.042865 - Found INSORT$.jcl (text/plain) in CBT.V508.FILE454.PDS, moved to PDS/INSORT$
2025-04-13 19:47:17.042927 - Found INSORT@.txt (text/plain) in CBT.V508.FILE454.PDS, moved to PDS/INSORT@
2025-04-13 19:47:17.042991 - Found INTRDR.txt (text/plain) in CBT.V508.FILE454.PDS, moved to PDS/INTRDR
2025-04-13 19:47:17.043066 - Found INTRDR$.jcl (text/plain) in CBT.V508.FILE454.PDS, moved to PDS/INTRDR$
2025-04-13 19:47:17.043130 - Found INTRDR@.txt (text/plain) in CBT.V508.FILE454.PDS, moved to PDS/INTRDR@
2025-04-13 19:47:17.043192 - Found INTRDRH.txt (text/plain) in CBT.V508.FILE454.PDS, moved to PDS/INTRDRH
2025-04-13 19:47:17.043259 - Found ISPCDSN.txt (text/plain) in CBT.V508.FILE454.PDS, moved to PDS/ISPCDSN
2025-04-13 19:47:17.043323 - Found ISPCDSN$.jcl (text/plain) in CBT.V508.FILE454.PDS, moved to PDS/ISPCDSN$
2025-04-13 19:47:17.043409 - Found ISPCDSN@.txt (text/plain) in CBT.V508.FILE454.PDS, moved to PDS/ISPCDSN@
2025-04-13 19:47:17.043473 - Found IXTOFMT$.jcl (text/plain) in CBT.V508.FILE454.PDS, moved to PDS/IXTOFMT$
2025-04-13 19:47:17.043543 - Found IXTOFMT@.txt (text/plain) in CBT.V508.FILE454.PDS, moved to PDS/IXTOFMT@
2025-04-13 19:47:17.043617 - Found IXTOFMT5.txt (text/plain) in CBT.V508.FILE454.PDS, moved to PDS/IXTOFMT5
2025-04-13 19:47:17.043702 - Found JB.txt (text/plain) in CBT.V508.FILE454.PDS, moved to PDS/JB
2025-04-13 19:47:17.043769 - Found JB$.jcl (text/plain) in CBT.V508.FILE454.PDS, moved to PDS/JB$
2025-04-13 19:47:17.043830 - Found JB@.txt (text/plain) in CBT.V508.FILE454.PDS, moved to PDS/JB@
2025-04-13 19:47:17.043890 - Found JBH.txt (text/plain) in CBT.V508.FILE454.PDS, moved to PDS/JBH
2025-04-13 19:47:17.043949 - Found JOBCARD.txt (text/plain) in CBT.V508.FILE454.PDS, moved to PDS/JOBCARD
2025-04-13 19:47:17.044011 - Found JOBCARD@.txt (text/plain) in CBT.V508.FILE454.PDS, moved to PDS/JOBCARD@
2025-04-13 19:47:17.044085 - Found JOBS.txt (text/plain) in CBT.V508.FILE454.PDS, moved to PDS/JOBS
2025-04-13 19:47:17.044153 - Found JOBS$.jcl (text/plain) in CBT.V508.FILE454.PDS, moved to PDS/JOBS$
2025-04-13 19:47:17.044215 - Found JOBS@.txt (text/plain) in CBT.V508.FILE454.PDS, moved to PDS/JOBS@
2025-04-13 19:47:17.044303 - Found KUMX.txt (text/plain) in CBT.V508.FILE454.PDS, moved to PDS/KUMX
2025-04-13 19:47:17.044370 - Found KUMX$.jcl (text/plain) in CBT.V508.FILE454.PDS, moved to PDS/KUMX$
2025-04-13 19:47:17.044446 - Found LISTAX.txt (text/plain) in CBT.V508.FILE454.PDS, moved to PDS/LISTAX
2025-04-13 19:47:17.044516 - Found LISTAX$.jcl (text/plain) in CBT.V508.FILE454.PDS, moved to PDS/LISTAX$
2025-04-13 19:47:17.044589 - Found LISTAX@.txt (text/plain) in CBT.V508.FILE454.PDS, moved to PDS/LISTAX@
2025-04-13 19:47:17.044658 - Found LISTAXH.txt (text/plain) in CBT.V508.FILE454.PDS, moved to PDS/LISTAXH
2025-04-13 19:47:17.044737 - Found LISTENQ.txt (text/plain) in CBT.V508.FILE454.PDS, moved to PDS/LISTENQ
2025-04-13 19:47:17.044802 - Found LISTENQ$.jcl (text/plain) in CBT.V508.FILE454.PDS, moved to PDS/LISTENQ$
2025-04-13 19:47:17.044864 - Found LISTENQ@.txt (text/plain) in CBT.V508.FILE454.PDS, moved to PDS/LISTENQ@
2025-04-13 19:47:17.044934 - Found LISTENQH.txt (text/plain) in CBT.V508.FILE454.PDS, moved to PDS/LISTENQH
2025-04-13 19:47:17.045012 - Found LISTNO.txt (text/plain) in CBT.V508.FILE454.PDS, moved to PDS/LISTNO
2025-04-13 19:47:17.045074 - Found LISTNO$.jcl (text/plain) in CBT.V508.FILE454.PDS, moved to PDS/LISTNO$
2025-04-13 19:47:17.045135 - Found LISTNO@.txt (text/plain) in CBT.V508.FILE454.PDS, moved to PDS/LISTNO@
2025-04-13 19:47:17.045195 - Found LJUST.txt (text/plain) in CBT.V508.FILE454.PDS, moved to PDS/LJUST
2025-04-13 19:47:17.045258 - Found LJUST@.txt (text/plain) in CBT.V508.FILE454.PDS, moved to PDS/LJUST@
2025-04-13 19:47:17.045333 - Found LOCK.txt (text/plain) in CBT.V508.FILE454.PDS, moved to PDS/LOCK
2025-04-13 19:47:17.045396 - Found LOCK$.jcl (text/plain) in CBT.V508.FILE454.PDS, moved to PDS/LOCK$
2025-04-13 19:47:17.045463 - Found LOCK@.txt (text/plain) in CBT.V508.FILE454.PDS, moved to PDS/LOCK@
2025-04-13 19:47:17.045529 - Found LOCKT.txt (text/plain) in CBT.V508.FILE454.PDS, moved to PDS/LOCKT
2025-04-13 19:47:17.045610 - Found LOGALLO$.jcl (text/plain) in CBT.V508.FILE454.PDS, moved to PDS/LOGALLO$
2025-04-13 19:47:17.045681 - Found LOGALLO@.txt (text/plain) in CBT.V508.FILE454.PDS, moved to PDS/LOGALLO@
2025-04-13 19:47:17.045758 - Found LOGALLOC.txt (text/plain) in CBT.V508.FILE454.PDS, moved to PDS/LOGALLOC
2025-04-13 19:47:17.045822 - Found LOGALLOH.txt (text/plain) in CBT.V508.FILE454.PDS, moved to PDS/LOGALLOH
2025-04-13 19:47:17.045890 - Found MBKS00.txt (text/plain) in CBT.V508.FILE454.PDS, moved to PDS/MBKS00
2025-04-13 19:47:17.045970 - Found MOVECOL@.txt (text/plain) in CBT.V508.FILE454.PDS, moved to PDS/MOVECOL@
2025-04-13 19:47:17.046034 - Found MOVECOLS.txt (text/plain) in CBT.V508.FILE454.PDS, moved to PDS/MOVECOLS
2025-04-13 19:47:17.046135 - Found MREAD.txt (text/plain) in CBT.V508.FILE454.PDS, moved to PDS/MREAD
2025-04-13 19:47:17.046203 - Found MREAD$.jcl (text/plain) in CBT.V508.FILE454.PDS, moved to PDS/MREAD$
2025-04-13 19:47:17.046266 - Found MREAD@.txt (text/plain) in CBT.V508.FILE454.PDS, moved to PDS/MREAD@
2025-04-13 19:47:17.046333 - Found NEW@MENU.txt (text/plain) in CBT.V508.FILE454.PDS, moved to PDS/NEW@MENU
2025-04-13 19:47:17.046395 - Found NEW@PRIM.txt (text/plain) in CBT.V508.FILE454.PDS, moved to PDS/NEW@PRIM
2025-04-13 19:47:17.046458 - Found NULL.txt (text/plain) in CBT.V508.FILE454.PDS, moved to PDS/NULL
2025-04-13 19:47:17.046523 - Found OPCOM.txt (text/plain) in CBT.V508.FILE454.PDS, moved to PDS/OPCOM
2025-04-13 19:47:17.046600 - Found OPCOM$.jcl (text/plain) in CBT.V508.FILE454.PDS, moved to PDS/OPCOM$
2025-04-13 19:47:17.046674 - Found OPCOM@.txt (text/plain) in CBT.V508.FILE454.PDS, moved to PDS/OPCOM@
2025-04-13 19:47:17.046751 - Found PAJ$$ICC.jcl (text/plain) in CBT.V508.FILE454.PDS, moved to PDS/PAJ$$ICC
2025-04-13 19:47:17.046816 - Found PAJ$$ICM.jcl (text/plain) in CBT.V508.FILE454.PDS, moved to PDS/PAJ$$ICM
2025-04-13 19:47:17.046877 - Found PAJ$$ICP.jcl (text/plain) in CBT.V508.FILE454.PDS, moved to PDS/PAJ$$ICP
2025-04-13 19:47:17.046948 - Found PAJ$$ICS.jcl (text/plain) in CBT.V508.FILE454.PDS, moved to PDS/PAJ$$ICS
2025-04-13 19:47:17.047012 - Found PAJ$$ICT.jcl (text/plain) in CBT.V508.FILE454.PDS, moved to PDS/PAJ$$ICT
2025-04-13 19:47:17.047073 - Found PAJ$ALL.jcl (text/plain) in CBT.V508.FILE454.PDS, moved to PDS/PAJ$ALL
2025-04-13 19:47:17.047133 - Found PAJ$BLK1.jcl (text/plain) in CBT.V508.FILE454.PDS, moved to PDS/PAJ$BLK1
2025-04-13 19:47:17.047194 - Found PAJ$BLK2.jcl (text/plain) in CBT.V508.FILE454.PDS, moved to PDS/PAJ$BLK2
2025-04-13 19:47:17.047256 - Found PAJ$BUMU.jcl (text/plain) in CBT.V508.FILE454.PDS, moved to PDS/PAJ$BUMU
2025-04-13 19:47:17.047319 - Found PAJ$MX.jcl (text/plain) in CBT.V508.FILE454.PDS, moved to PDS/PAJ$MX
2025-04-13 19:47:17.047390 - Found PAJ$POF.jcl (text/plain) in CBT.V508.FILE454.PDS, moved to PDS/PAJ$POF
2025-04-13 19:47:17.047451 - Found PAJ$VQ.jcl (text/plain) in CBT.V508.FILE454.PDS, moved to PDS/PAJ$VQ
2025-04-13 19:47:17.047512 - Found PAJALL.txt (text/plain) in CBT.V508.FILE454.PDS, moved to PDS/PAJALL
2025-04-13 19:47:17.047585 - Found PAJAUCP.txt (text/plain) in CBT.V508.FILE454.PDS, moved to PDS/PAJAUCP
2025-04-13 19:47:17.047662 - Found PAJA00.txt (text/plain) in CBT.V508.FILE454.PDS, moved to PDS/PAJA00
2025-04-13 19:47:17.047741 - Found PAJBLK.txt (text/plain) in CBT.V508.FILE454.PDS, moved to PDS/PAJBLK
2025-04-13 19:47:17.047807 - Found PAJB00.txt (text/plain) in CBT.V508.FILE454.PDS, moved to PDS/PAJB00
2025-04-13 19:47:17.047868 - Found PAJCAUCP.txt (text/plain) in CBT.V508.FILE454.PDS, moved to PDS/PAJCAUCP
2025-04-13 19:47:17.047932 - Found PAJCAUTO.txt (text/plain) in CBT.V508.FILE454.PDS, moved to PDS/PAJCAUTO
2025-04-13 19:47:17.047997 - Found PAJCBLK.txt (text/plain) in CBT.V508.FILE454.PDS, moved to PDS/PAJCBLK
2025-04-13 19:47:17.048057 - Found PAJCBRDS.txt (text/plain) in CBT.V508.FILE454.PDS, moved to PDS/PAJCBRDS
2025-04-13 19:47:17.048117 - Found PAJCBUMU.txt (text/plain) in CBT.V508.FILE454.PDS, moved to PDS/PAJCBUMU
2025-04-13 19:47:17.048178 - Found PAJCCOM.txt (text/plain) in CBT.V508.FILE454.PDS, moved to PDS/PAJCCOM
2025-04-13 19:47:17.048256 - Found PAJCDAY.txt (text/plain) in CBT.V508.FILE454.PDS, moved to PDS/PAJCDAY
2025-04-13 19:47:17.048318 - Found PAJCDAY1.txt (text/plain) in CBT.V508.FILE454.PDS, moved to PDS/PAJCDAY1
2025-04-13 19:47:17.048380 - Found PAJCDAY2.txt (text/plain) in CBT.V508.FILE454.PDS, moved to PDS/PAJCDAY2
2025-04-13 19:47:17.048442 - Found PAJCDAY3.txt (text/plain) in CBT.V508.FILE454.PDS, moved to PDS/PAJCDAY3
2025-04-13 19:47:17.048501 - Found PAJCDAY4.txt (text/plain) in CBT.V508.FILE454.PDS, moved to PDS/PAJCDAY4
2025-04-13 19:47:17.048561 - Found PAJCDSC.txt (text/plain) in CBT.V508.FILE454.PDS, moved to PDS/PAJCDSC
2025-04-13 19:47:17.048636 - Found PAJCDSP.txt (text/plain) in CBT.V508.FILE454.PDS, moved to PDS/PAJCDSP
2025-04-13 19:47:17.048720 - Found PAJCDSS.txt (text/plain) in CBT.V508.FILE454.PDS, moved to PDS/PAJCDSS
2025-04-13 19:47:17.048797 - Found PAJCEQD1.txt (text/plain) in CBT.V508.FILE454.PDS, moved to PDS/PAJCEQD1
2025-04-13 19:47:17.048859 - Found PAJCEQD2.txt (text/plain) in CBT.V508.FILE454.PDS, moved to PDS/PAJCEQD2
2025-04-13 19:47:17.048929 - Found PAJCEQD3.txt (text/plain) in CBT.V508.FILE454.PDS, moved to PDS/PAJCEQD3
2025-04-13 19:47:17.048993 - Found PAJCEQD4.txt (text/plain) in CBT.V508.FILE454.PDS, moved to PDS/PAJCEQD4
2025-04-13 19:47:17.049055 - Found PAJCEQD5.txt (text/plain) in CBT.V508.FILE454.PDS, moved to PDS/PAJCEQD5
2025-04-13 19:47:17.049123 - Found PAJCGDG.txt (text/plain) in CBT.V508.FILE454.PDS, moved to PDS/PAJCGDG
2025-04-13 19:47:17.049186 - Found PAJCIVKA.txt (text/plain) in CBT.V508.FILE454.PDS, moved to PDS/PAJCIVKA
2025-04-13 19:47:17.049250 - Found PAJCIVKB.txt (text/plain) in CBT.V508.FILE454.PDS, moved to PDS/PAJCIVKB
2025-04-13 19:47:17.049310 - Found PAJCIVK1.txt (text/plain) in CBT.V508.FILE454.PDS, moved to PDS/PAJCIVK1
2025-04-13 19:47:17.049372 - Found PAJCIVK2.txt (text/plain) in CBT.V508.FILE454.PDS, moved to PDS/PAJCIVK2
2025-04-13 19:47:17.049432 - Found PAJCIVK3.txt (text/plain) in CBT.V508.FILE454.PDS, moved to PDS/PAJCIVK3
2025-04-13 19:47:17.049494 - Found PAJCIVK4.txt (text/plain) in CBT.V508.FILE454.PDS, moved to PDS/PAJCIVK4
2025-04-13 19:47:17.049558 - Found PAJCIVK5.txt (text/plain) in CBT.V508.FILE454.PDS, moved to PDS/PAJCIVK5
